2019 10  2019.792 :    1.8     0
2019 11  2019.875 :    1.3     0
2019 12  2019.958 :    1.6     0
2020 01  2020.042 :    2.6   0.9
2020 02  2020.125 :    2.6   1.1
2020 03  2020.208 :    2.8   1.4
2020 04  2020.292 :    3.1   1.7
2020 05  2020.375 :    3.6   2.2
2020 06  2020.458 :    4.0   2.6
2020 07  2020.542 :    4.6   3.1
2020 08  2020.625 :    5.4   3.8
2020 09  2020.708 :    6.1   4.5
2020 10  2020.792 :    7.0   5.3
2020 11  2020.875 :    8.1   6.2
2020 12  2020.958 :    9.1   7.1
2021 01  2021.042 :   10.2   8.1
2021 02  2021.125 :   11.6   9.3
2021 03  2021.208 :   13.2  10.8
