2019 10  2019.790 :    3.3     0
2019 11  2019.873 :    3.3     0
2019 12  2019.958 :    3.2     0
2020 01  2020.042 :    2.7   1.0
2020 02  2020.124 :    2.8   1.3
2020 03  2020.206 :    3.5   1.7
2020 04  2020.288 :    5.0   2.6
2020 05  2020.373 :    6.3   3.4
2020 06  2020.455 :    7.7   4.4
2020 07  2020.540 :    9.7   5.8
2020 08  2020.624 :   12.1   7.4
2020 09  2020.706 :   14.6   9.0
2020 10  2020.791 :   17.2  10.8
2020 11  2020.873 :   20.3  12.9
2020 12  2020.958 :   24.0  15.4
2021 01  2021.042 :   27.7  17.9
2021 02  2021.122 :   31.3  20.4
2021 03  2021.204 :   34.6  22.7
