2019 10  2019.792 :    4.1     0
2019 11  2019.875 :    5.0     0
2019 12  2019.958 :    5.4     0
2020 01  2020.042 :    4.2   1.5
2020 02  2020.125 :    4.2   1.8
2020 03  2020.208 :    4.7   2.2
2020 04  2020.292 :    5.5   2.8
2020 05  2020.375 :    6.6   3.5
2020 06  2020.458 :    7.6   4.2
2020 07  2020.542 :    8.8   5.1
2020 08  2020.625 :   10.2   6.1
2020 09  2020.708 :   11.7   7.1
2020 10  2020.792 :   13.2   8.1
2020 11  2020.875 :   14.5   9.1
2020 12  2020.958 :   16.0  10.2
2021 01  2021.042 :   17.6  11.4
2021 02  2021.125 :   19.4  12.7
2021 03  2021.208 :   21.6  14.3
